0 34 covid_map_monthlyrate POLY_ID
1 31        0.161245634
1 33        0.338105562
1 25        0.162634412
2 34         0.21235596
2 11        0.197812337
2 12        0.402415653
2 22        0.418421399
2 14         0.18598765
3 8        0.265983331
3 4        0.248048112
3 10        0.217808863
3 11        0.165735126
3 32        0.398893822
3 31        0.158803098
3 19        0.344164965
3 5        0.229639914
3 9        0.255956895
3 25        0.178801351
3 18        0.243887518
3 13        0.194532569
4 34        0.218756479
4 8         1.29835526
4 10        0.638733077
4 11        0.239792656
4 32        0.264870325
4 19        0.531445869
4 3        0.248048112
4 5        0.210557234
4 9        0.171229002
5 8        0.192013862
5 4        0.210557234
5 10        0.160235094
5 32        0.538762397
5 31        0.303987513
5 19        0.332885289
5 3        0.229639914
5 9        0.526634449
5 25        0.243934321
5 18        0.168984346
6 29         0.20675958
6 28        0.486592383
6 27        0.203476453
6 26        0.228673584
6 30        0.448861109
6 20        0.192841667
6 16        0.169069217
7 21        0.243030912
7 24         0.15856724
7 20        0.171481346
8 34        0.250550773
8 4         1.29835526
8 10         0.94853534
8 11        0.283355031
8 12         0.16413958
8 32        0.250031563
8 19        0.450956185
8 3        0.265983331
8 5        0.192013862
8 9        0.164024315
9 8        0.164024315
9 4        0.171229002
9 32        0.476674646
9 31        0.415022822
9 19        0.252621039
9 3        0.255956895
9 5        0.526634449
9 33        0.187196079
9 25        0.419224341
9 18         0.23905433
10 34        0.332651485
10 8         0.94853534
10 4        0.638733077
10 11        0.381828273
10 12         0.19259552
10 32        0.198001632
10 19        0.306273568
10 3        0.217808863
10 5        0.160235094
11 34         1.46496922
11 8        0.283355031
11 4        0.239792656
11 10        0.381828273
11 12        0.388367486
11 2        0.197812337
11 19        0.176024209
11 3        0.165735126
12 34        0.436005392
12 8         0.16413958
12 10         0.19259552
12 11        0.388367486
12 2        0.402415653
12 22        0.205850228
12 14        0.183948163
12 15        0.162441309
13 14        0.192049576
13 15        0.363518485
13 3        0.194532569
13 18        0.169275091
13 16        0.186179526
13 17        0.168795582
14 12        0.183948163
14 2         0.18598765
14 22        0.167412136
14 28         0.16376091
14 27        0.208883418
14 26        0.253706497
14 15        0.407090942
14 13        0.192049576
14 16        0.276711313
14 17        0.167738515
15 12        0.162441309
15 26        0.167094626
15 14        0.407090942
15 13        0.363518485
15 16        0.271732688
15 17         0.18813919
16 28        0.201499439
16 27        0.179277792
16 26        0.243833415
16 14        0.276711313
16 15        0.271732688
16 13        0.186179526
16 6        0.169069217
16 17        0.407437329
17 26        0.161254785
17 14        0.167738515
17 15         0.18813919
17 13        0.168795582
17 16        0.407437329
18 32        0.205157454
18 31         0.18198823
18 3        0.243887518
18 5        0.168984346
18 9         0.23905433
18 25        0.266483944
18 13        0.169275091
19 34         0.16164351
19 8        0.450956185
19 4        0.531445869
19 10        0.306273568
19 11        0.176024209
19 32        0.525140886
19 31        0.163810116
19 3        0.344164965
19 5        0.332885289
19 9        0.252621039
19 25        0.158590377
20 21        0.183218384
20 7        0.171481346
20 30        0.313218674
20 6        0.192841667
21 7        0.243030912
21 20        0.183218384
22 12        0.205850228
22 2        0.418421399
22 23        0.212049837
22 27        0.179435955
22 14        0.167412136
23 22        0.212049837
23 29        0.195322289
23 27        0.169308594
24 7         0.15856724
25 32        0.226862196
25 31        0.521592066
25 19        0.158590377
25 3        0.178801351
25 5        0.243934321
25 9        0.419224341
25 33        0.310132403
25 18        0.266483944
25 1        0.162634412
26 29        0.310883533
26 28        0.422280657
26 27        0.668375156
26 14        0.253706497
26 15        0.167094626
26 6        0.228673584
26 16        0.243833415
26 17        0.161254785
27 22        0.179435955
27 23        0.169308594
27 29        0.509835606
27 28        0.345558166
27 26        0.668375156
27 14        0.208883418
27 6        0.203476453
27 16        0.179277792
28 29        0.306933673
28 27        0.345558166
28 26        0.422280657
28 14         0.16376091
28 30        0.248654797
28 6        0.486592383
28 16        0.201499439
29 23        0.195322289
29 28        0.306933673
29 27        0.509835606
29 26        0.310883533
29 30        0.168556032
29 6         0.20675958
30 29        0.168556032
30 28        0.248654797
30 20        0.313218674
30 6        0.448861109
31 32        0.227694403
31 19        0.163810116
31 3        0.158803098
31 5        0.303987513
31 9        0.415022822
31 33        0.297769522
31 25        0.521592066
31 18         0.18198823
31 1        0.161245634
32 8        0.250031563
32 4        0.264870325
32 10        0.198001632
32 31        0.227694403
32 19        0.525140886
32 3        0.398893822
32 5        0.538762397
32 9        0.476674646
32 25        0.226862196
32 18        0.205157454
33 31        0.297769522
33 9        0.187196079
33 25        0.310132403
33 1        0.338105562
34 8        0.250550773
34 4        0.218756479
34 10        0.332651485
34 11         1.46496922
34 12        0.436005392
34 2         0.21235596
34 19         0.16164351
